e1-bach

vs =

         0    0.2990    0.0694    0.3524
    0.8237    0.4764    0.5984    0.3348
    0.5920    0.5450    0.6492    0.4841
    0.8355    0.4605    0.6603    0.3396
    0.7612    0.4930    0.6068    0.3524
    0.6904    0.4538    0.4968    0.3524


vl =

         0         0         0    0.8571
    0.0402    0.3846    0.2059    0.4286
    0.0278    0.3846    0.0588    0.4286
    0.0112    0.3846    0.2941    0.4286
    0.0374    0.6154    0.1471    0.4286
    0.1402    0.3846         0    0.4286


vs_total =

    0.7208
    2.2333
    2.2703
    2.2960
    2.2135
    1.9934


vl_total =

    0.8571
    1.0592
    0.8999
    1.1185
    1.2284
    0.9534

e2-mozart

vs =

         0    0.2990    0.0416    0.3524
    0.6434    0.5217    0.3481    0.3396
    0.8147    0.4254    0.3927    0.4841
    0.8218    0.4330    0.4270    0.5436
    0.7174    0.4315    0.4768    0.4841
    0.7645    0.4628    0.3605    0.3524
    0.6360    0.4806    0.4833    0.4841
    0.6593    0.4628    0.3122    0.3524
    0.6360    0.4806    0.4919    0.4841
    1.2736    0.3168    0.4410    0.4841


vl =

         0         0         0    0.8571
    0.1115    0.5385    0.1825    0.4286
    0.0578    0.4615    0.0730    0.4286
    0.0112    0.3077    0.0182    0.4286
    0.1474    0.3077    0.0730    0.4286
    0.0113    0.3846         0    0.4286
    0.2719    0.3077    0.0365    0.4286
    0.1484    0.3846         0    0.4286
    0.2719    0.3077    0.0365    0.4286
      -Inf   -0.0769    0.0730    0.4286


vs_total =

    0.6930
    1.8529
    2.1170
    2.2253
    2.1098
    1.9403
    2.0841
    1.7867
    2.0927
    2.5156


vl_total =

    0.8571
    1.2610
    1.0209
    0.7658
    0.9567
    0.8245
    1.0446
    0.9616
    1.0446
      -Inf

e3-chopin

vs =

         0    0.2959    0.0664    0.3348
    0.6736    0.4798    0.6543    0.4841
    0.6249    0.4380    0.7709    0.5918
    0.7068    0.4672    0.7117    0.4534
    0.7869    0.4539    0.8528    0.4841
    0.6923    0.4972    0.6309    0.4534


vl =

         0         0         0    0.8571
    0.1062    0.3077    0.1176    0.4286
    0.1332    0.1538    0.4118    0.4286
    0.0699    0.8462    0.9118    0.4286
    0.0127    0.6154    1.2059    0.4286
    0.0117    0.6154    0.4118    0.4286


vs_total =

    0.6971
    2.2918
    2.4256
    2.3391
    2.5777
    2.2738


vl_total =

    0.8571
    0.9601
    1.1274
    2.2564
    2.2626
    1.4675

e4-schumann

vs =

         0    0.3914    0.6567    0.4841
    0.8360    0.4586    0.7348    0.4841
    0.7250    0.4628    0.0694    0.3524
    0.6569    0.5202    0.6373    0.4534
    0.6902    0.5475    0.5965    0.3348
    0.9140    0.4133    0.6705    0.4841


vl =

         0    0.0769    0.3529    0.8571
    0.0066    0.2308    0.0882    0.4286
    0.0150    0.3846         0    0.4286
    0.0610    0.2308    0.2647    0.4286
    0.0172    0.6154    0.1471    0.4286
    0.0392    0.2308    0.1765    0.4286


vs_total =

    1.5323
    2.5136
    1.6096
    2.2677
    2.1690
    2.4820


vl_total =

    1.2870
    0.7542
    0.8282
    0.9851
    1.2082
    0.8750

e5-brahms

vs =

         0    0.4117    0.5610    0.4841
    0.7113    0.5038    0.7973    0.5819
    0.7673    0.4773    0.5925    0.4370
    0.9042    0.4401    0.6087    0.3760
    0.8711    0.4256    0.5058    0.4305
    0.9554    0.3981    0.5928    0.4370
    0.7115    0.4443    0.0595    0.3524


vl =

         0   -0.0769    0.1020    0.8571
    0.0119    0.3846    0.3316    0.4286
    0.0096    0.4615    0.3827    0.4286
    0.0030    0.0769    0.1786    0.4286
    0.0175    0.1538    0.1276    0.4286
    0.0235    0.1538    0.3827    0.4286
    0.1019    0.3846         0    0.4286


vs_total =

    1.4568
    2.5943
    2.2741
    2.3290
    2.2330
    2.3833
    1.5678


vl_total =

    0.8823
    1.1567
    1.2823
    0.6871
    0.7275
    0.9885
    0.9150

e6-debussy

vs =

         0    0.2990    0.0833    0.3524
    0.6921    0.5395    0.7633    0.4527
    0.8432    0.4365    0.5790    0.3524
    0.7388    0.4699    0.6033    0.3348
    0.7336    0.5146    0.8362    0.4527


vl =

         0         0         0    0.8571
    0.0654    0.3077    0.2083    0.4286
    0.0327    0.3846         0    0.4286
    0.1456    0.5385    0.2431    0.4286
    0.0439    0.5385    0.3125    0.4286


vs_total =

    0.7347
    2.4476
    2.2112
    2.1467
    2.5371


vl_total =

    0.8571
    1.0100
    0.8459
    1.3557
    1.3234


vs =

         0    0.2990    0.0694    0.3524
    0.7952    0.4511    0.6063    0.3684
    0.5579    0.5471    0.6621    0.4841
    0.6883    0.5037    0.5812    0.3396
    0.8175    0.4692    0.5463    0.3524
    0.6904    0.4538    0.4968    0.3524


vl =

         0         0         0    0.8571
    0.1017    0.3077    0.3529    0.4286
    0.2398    0.5385    0.2941    0.4286
    0.1099    0.6923    0.2941    0.4286
    0.0509    0.6154    0.1471    0.4286
    0.1402    0.3846         0    0.4286


vs_total =

    0.7208
    2.2210
    2.2513
    2.1128
    2.1853
    1.9934


vl_total =

    0.8571
    1.1909
    1.5010
    1.5249
    1.2419
    0.9534

e2-invented

vs =

         0    0.2990    0.0416    0.3524
    0.7899    0.4407    0.3609    0.3396
    0.7466    0.4762    0.3927    0.4841
    0.8218    0.4330    0.4270    0.5436
    0.7174    0.4315    0.4768    0.4841
    0.7645    0.4628    0.3605    0.3524
    0.6360    0.4806    0.4833    0.4841
    0.6593    0.4628    0.3122    0.3524
    0.6360    0.4806    0.4919    0.4841
    0.6593    0.4628    0.3520    0.3524


vl =

         0         0         0    0.8571
    0.0880    0.3846    0.1825    0.4286
    0.0364    0.4615    0.0730    0.4286
    0.0112    0.3077    0.0182    0.4286
    0.1474    0.3077    0.0730    0.4286
    0.0113    0.3846         0    0.4286
    0.2719    0.3077    0.0365    0.4286
    0.1484    0.3846         0    0.4286
    0.2719    0.3077    0.0365    0.4286
    0.1484    0.3846         0    0.4286


vs_total =

    0.6930
    1.9311
    2.0996
    2.2253
    2.1098
    1.9403
    2.0841
    1.7867
    2.0927
    1.8265


vl_total =

    0.8571
    1.0837
    0.9995
    0.7658
    0.9567
    0.8245
    1.0446
    0.9616
    1.0446
    0.9616

e3-invented

vs =

         0    0.2959    0.0664    0.3348
    0.6580    0.4518    0.5214    0.3396
    0.7435    0.4932    0.6117    0.3348
    0.7461    0.4703    0.6897    0.3524
    0.7388    0.4928    0.5508    0.3524
    1.0238    0.3815    0.6552    0.4841


vl =

         0         0         0    0.8571
    0.3744    0.6154    0.4118    0.4286
    0.0518    0.6154    0.5294    0.4286
    0.0848    0.3846    0.4118    0.4286
    0.0107    0.6154    0.1471    0.4286
   -0.0381   -0.0769    0.0294    0.4286


vs_total =

    0.6971
    1.9709
    2.1832
    2.2585
    2.1349
    2.5447


vl_total =

    0.8571
    1.8301
    1.6252
    1.3097
    1.2017
    0.3429

e4-invented

vs =

         0    0.3914    0.6567    0.4841
    0.8360    0.4586    0.7348    0.4841
    0.7250    0.4628    0.0694    0.3524
    0.7824    0.4533    0.5139    0.3524
    0.9731    0.4048    0.5958    0.3396
    0.9007    0.4254    0.6735    0.4841


vl =

         0    0.0769    0.3529    0.8571
    0.0066    0.2308    0.0882    0.4286
    0.0150    0.3846         0    0.4286
    0.0372    0.3846    0.2353    0.4286
    0.1017    0.1538    0.4412    0.4286
    0.0610    0.4615    0.1176    0.4286


vs_total =

    1.5323
    2.5136
    1.6096
    2.1019
    2.3133
    2.4837


vl_total =

    1.2870
    0.7542
    0.8282
    1.0857
    1.1253
    1.0688

e5-invented

vs =

         0    0.3914    0.6604    0.4841
    0.8148    0.4947    0.6477    0.3760
    0.8711    0.4256    0.6012    0.4305
    0.9554    0.3981    0.6873    0.4370
    0.6297    0.5132    0.0672    0.3396
    1.0601    0.3702    0.5219    0.3524


