x=[1 2 3 4 5 6]
y1=[27 28 25 29 30 26]
y2=[20 23 24 12 15 19]
y3=[10 6 8 16 12 13]
%plot(x,y1,x,y2,x,y3)
bar([y1',y2',y3'])
